%%MatrixMarket matrix coordinate integer symmetric
88 88 315
1 1 4
8 1 -1
36 1 -1
66 1 -1
73 1 -1
2 2 5
6 2 -1
32 2 -1
33 2 -1
69 2 -1
81 2 -1
3 3 7
38 3 -1
39 3 -1
42 3 -1
47 3 -1
52 3 -1
70 3 -1
85 3 -1
4 4 3
28 4 -1
43 4 -1
78 4 -1
5 5 6
37 5 -1
53 5 -1
58 5 -1
64 5 -1
82 5 -1
84 5 -1
6 6 6
33 6 -1
46 6 -1
54 6 -1
75 6 -1
81 6 -1
7 7 5
30 7 -1
34 7 -1
41 7 -1
56 7 -1
61 7 -1
8 8 4
13 8 -1
14 8 -1
36 8 -1
9 9 4
31 9 -1
57 9 -1
68 9 -1
83 9 -1
10 10 5
15 10 -1
34 10 -1
41 10 -1
76 10 -1
79 10 -1
11 11 6
12 11 -1
46 11 -1
49 11 -1
55 11 -1
75 11 -1
80 11 -1
12 12 5
29 12 -1
49 12 -1
55 12 -1
57 12 -1
13 13 4
14 13 -1
31 13 -1
83 13 -1
14 14 6
24 14 -1
29 14 -1
36 14 -1
83 14 -1
15 15 4
41 15 -1
50 15 -1
76 15 -1
16 16 6
30 16 -1
38 16 -1
42 16 -1
45 16 -1
60 16 -1
79 16 -1
17 17 6
39 17 -1
51 17 -1
59 17 -1
70 17 -1
74 17 -1
88 17 -1
18 18 5
28 18 -1
43 18 -1
47 18 -1
52 18 -1
77 18 -1
19 19 5
54 19 -1
55 19 -1
57 19 -1
68 19 -1
75 19 -1
20 20 4
35 20 -1
63 20 -1
69 20 -1
86 20 -1
21 21 6
25 21 -1
42 21 -1
45 21 -1
51 21 -1
59 21 -1
80 21 -1
22 22 4
39 22 -1
47 22 -1
62 22 -1
72 22 -1
23 23 5
25 23 -1
37 23 -1
45 23 -1
64 23 -1
65 23 -1
24 24 6
29 24 -1
36 24 -1
49 24 -1
65 24 -1
71 24 -1
25 25 6
45 25 -1
49 25 -1
65 25 -1
80 25 -1
26 26 3
35 26 -1
48 26 -1
86 26 -1
27 27 4
40 27 -1
44 27 -1
53 27 -1
82 27 -1
28 28 5
43 28 -1
67 28 -1
78 28 -1
29 29 6
49 29 -1
57 29 -1
83 29 -1
30 30 6
34 30 -1
60 30 -1
61 30 -1
79 30 -1
31 31 3
83 31 -1
32 32 6
33 32 -1
69 32 -1
74 32 -1
87 32 -1
88 32 -1
33 33 7
46 33 -1
51 33 -1
80 33 -1
88 33 -1
34 34 5
41 34 -1
79 34 -1
35 35 6
48 35 -1
69 35 -1
86 35 -1
87 35 -1
36 36 6
66 36 -1
71 36 -1
37 37 6
64 37 -1
65 37 -1
71 37 -1
82 37 -1
38 38 6
42 38 -1
76 38 -1
79 38 -1
85 38 -1
39 39 7
47 39 -1
70 39 -1
72 39 -1
74 39 -1
40 40 6
44 40 -1
66 40 -1
71 40 -1
73 40 -1
82 40 -1
41 41 4
42 42 7
45 42 -1
59 42 -1
70 42 -1
43 43 3
44 44 3
73 44 -1
45 45 7
60 45 -1
64 45 -1
46 46 5
75 46 -1
80 46 -1
47 47 5
52 47 -1
48 48 4
62 48 -1
87 48 -1
49 49 7
65 49 -1
80 49 -1
50 50 4
67 50 -1
76 50 -1
78 50 -1
51 51 6
59 51 -1
80 51 -1
88 51 -1
52 52 5
77 52 -1
85 52 -1
53 53 3
82 53 -1
54 54 4
75 54 -1
81 54 -1
55 55 5
57 55 -1
75 55 -1
56 56 3
61 56 -1
84 56 -1
57 57 7
68 57 -1
83 57 -1
58 58 5
60 58 -1
61 58 -1
64 58 -1
84 58 -1
59 59 5
70 59 -1
60 60 6
61 60 -1
64 60 -1
61 61 6
84 61 -1
62 62 4
72 62 -1
87 62 -1
63 63 3
69 63 -1
81 63 -1
64 64 6
65 65 6
71 65 -1
66 66 5
71 66 -1
73 66 -1
67 67 5
76 67 -1
77 67 -1
78 67 -1
68 68 3
69 69 6
81 69 -1
70 70 5
71 71 7
82 71 -1
72 72 5
74 72 -1
87 72 -1
73 73 4
74 74 6
87 74 -1
88 74 -1
75 75 6
76 76 8
77 76 -1
79 76 -1
85 76 -1
77 77 5
85 77 -1
78 78 4
79 79 6
80 80 7
81 81 5
82 82 6
83 83 6
84 84 4
85 85 5
86 86 3
87 87 6
88 88 5
