%%MatrixMarket matrix coordinate integer symmetric
21 21 60
1 1 1
2 1 -2
3 1 1
2 2 5
3 2 -4
4 2 1
3 3 6
4 3 -4
5 3 1
4 4 6
5 4 -4
6 4 1
5 5 6
6 5 -4
7 5 1
6 6 6
7 6 -4
8 6 1
7 7 6
8 7 -4
9 7 1
8 8 6
9 8 -4
10 8 1
9 9 6
10 9 -4
11 9 1
10 10 6
11 10 -4
12 10 1
11 11 6
12 11 -4
13 11 1
12 12 6
13 12 -4
14 12 1
13 13 6
14 13 -4
15 13 1
14 14 6
15 14 -4
16 14 1
15 15 6
16 15 -4
17 15 1
16 16 6
17 16 -4
18 16 1
17 17 6
18 17 -4
19 17 1
18 18 6
19 18 -4
20 18 1
19 19 6
20 19 -4
21 19 1
20 20 5
21 20 -2
21 21 1
